luminosity_table.ecsv
# %ECSV 1.0
# ---
# datatype:
# - {name: m, unit: J / (m s), datatype: float64}
# - {name: k, unit: J / (m s), datatype: float64}
# - {name: g, unit: J / (m s), datatype: float64}
# - {name: f, unit: J / (m s), datatype: float64}
# - {name: a, unit: J / (m s), datatype: float64}
# - {name: b, unit: J / (m s), datatype: float64}
# - {name: o, unit: J / (m s), datatype: float64}
# schema: astropy-2.0
m k g f a b o
[from data line 103]
1.897698027399417e+29 3.549616018198117e+31 2.898156683068765e+32 1.371878883299209e+33 5.212552763463451e+33 3.556723239363356e+35 3.577911712489317e+36
1.922089475794896e+29 3.564802335958626e+31 2.9011395541482718e+32 1.3703840876786034e+33 5.198855813056378e+33 3.53474457471375e+35 3.552866719753512e+36
1.9466577355735916e+29 3.579923338649412e+31 2.9040580449410373e+32 1.368871256030362e+33 5.18515476988137e+33 3.512930634266427e+35 3.528038998661477e+36
1.971402491974756e+29 3.59497856627722e+31 2.906912475384631e+32 1.367340625152465e+33 5.171450305891599e+33 3.4912799933425436e+35 3.5034263084496435e+36
1.9963234154652436e+29 3.6099675678311835e+31 2.909703167154134e+32 1.3657924301681156e+33 5.157743083352168e+33 3.469791240880672e+35 3.4790264350370906e+36
2.021420161828136e+29 3.624889901234682e+31 2.9124304435957468e+32 1.3642269045249808e+33 5.144033754939462e+33 3.448462979299918e+35 3.454837190666619e+36
2.046692372253273e+29 3.6397451332963813e+31 2.9150946296613383e+32 1.3626442799947484e+33 5.130322963839928e+33 3.427293824364377e+35 3.4308564135512193e+36
2.072139673429666e+29 3.654532839660411e+31 2.9176960518439218e+32 1.3610447866729778e+33 5.1166113438482256e+33 3.406282405048891e+35 3.407081967525764e+36
2.097761677639829e+29 3.6692526047558556e+31 2.9202350381141114e+32 1.3594286529792516e+33 5.10289951946486e+33 3.3854273634061275e+35 3.383511741703913e+36
2.12355798285588e+29 3.6839040217454766e+31 2.9227119178574884e+32 1.357796105657629e+33 5.089188105993204e+33 3.364727354434957e+35 3.3601436501401165e+36
2.149528172837392e+29 3.6984866924736758e+31 2.9251270218128916e+32 1.3561473697773503e+33 5.0754777096358994e+33 3.3441810459501264e+35 3.3369756314966394e+36
2.1756718172310466e+29 3.713000227413833e+31 2.9274806820116466e+32 1.3544826687338558e+33 5.061768927590702e+33 3.323787118453212e+35 3.3140056487155195e+36
2.201988471671932e+29 3.727444245614961e+31 2.9297732317177327e+32 1.3528022242500432e+33 5.048062348145682e+33 3.3035442650048366e+35 3.291231688695378e+36
2.228477677886465e+29 3.7418183746476945e+31 2.9320050053687907e+32 1.3511062563777923e+33 5.034358550773816e+33 3.2834511910981505e+35 3.268651761973008e+36
2.2551389637969646e+29 3.756122250549677e+31 2.9341763385181002e+32 1.349394983499754e+33 5.020658106226971e+33 3.2635066145335804e+35 3.246263902409681e+36
2.2819718436277714e+29 3.770355517770409e+31 2.9362875677774305e+32 1.3476686223313818e+33 5.006961576629279e+33 3.2437092652948055e+35 3.224066166882061e+36
2.3089758180128846e+29 3.784517829115437e+31 2.9383390307607565e+32 1.345927387923189e+33 4.993269515569819e+33 3.2240578854259576e+35 3.2020566349776645e+36
2.3361503741050623e+29 3.7986088456900713e+31 2.940331066028889e+32 1.3441714936632683e+33 4.97958246819473e+33 3.20455122891006e+35 3.18023340869481e+36
2.363494985686416e+29 3.812628236842572e+31 2.942264013034954e+32 1.3424011512800206e+33 4.9659009712986744e+33 3.1851880615486846e+35 3.1585946121469816e+36
2.391009113280336e+29 3.826575680106792e+31 2.9441382120707487e+32 1.3406165708451082e+33 4.9522255534156203e+33 3.165967160842788e+35 3.137138391271497e+36
2.4186922042648277e+29 3.84045086114442e+31 2.945954004213962e+32 1.338817960776623e+33 4.93855673490902e+33 3.1468873158747517e+35 3.115862913542461e+36
2.4465436929871437e+29 3.8542534736867173e+31 2.9477117312762344e+32 1.3370055278424796e+33 4.9248950280613275e+33 3.127947327191609e+35 3.0947663676879075e+36
2.4745630008796803e+29 3.867983219475811e+31 2.9494117357520476e+32 1.335179477163986e+33 4.911240937162843e+33 3.109146006689446e+35 3.073846963411084e+36
2.502749536577139e+29 3.881639808205635e+31 2.9510543607684975e+32 1.3333400122196355e+33 4.8975949585999454e+33 3.090482177498955e+35 3.053102931115778e+36
2.5311026960348762e+29 3.8952229574624273e+31 2.9526399500358316e+32 1.331487334849079e+33 4.883957580942619e+33 3.071954673872142e+35 3.032532521635646e+36
2.5596218626484175e+29 3.9087323926649177e+31 2.9541688477988862e+32 1.3296216452572927e+33 4.870329285031372e+33 3.0535623410701903e+35 3.012134005967494e+36
2.5883064073740527e+29 3.9221678470040625e+31 2.9556413987892453e+32 1.3277431420189175e+33 4.8567105440634397e+33 3.0353040352524448e+35 2.991905675008412e+36
2.6171556888505587e+29 3.9355290613825603e+31 2.9570579481782693e+32 1.3258520220827777e+33 4.8431018236783697e+33 3.0171786233665236e+35 2.9718458392967223e+36
2.64616905352198e+29 3.9488157843540205e+31 2.958418841530915e+32 1.3239484807765853e+33 4.829503582042926e+33 2.999184983039538e+35 2.9519528287566763e+36
2.6753458357613355e+29 3.9620277720618024e+31 2.9597244247603164e+32 1.3220327118117803e+33 4.815916269935321e+33 2.9813220024704254e+35 2.9322249924468407e+36
2.7046853579953444e+29 3.9751647881776205e+31 2.9609750440831714e+32 1.3201049072885586e+33 4.802340330828785e+33 2.96358858032337e+35 2.9126606983121324e+36
2.7341869308301207e+29 3.9882266038398984e+31 2.9621710459758938e+32 1.3181652577010488e+33 4.788776200974485e+33 2.9459836256223146e+35 2.893258332939393e+36
2.7638498531776515e+29 4.0012129975918686e+31 2.9633127771315433e+32 1.3162139519426284e+33 4.775224309483751e+33 2.9285060576465255e+35 2.87401630131651e+36
2.7936734123832282e+29 4.0141237553194463e+31 2.9644005844174883e+32 1.3142511773113984e+33 4.761685078409637e+33 2.9111548058272485e+35 2.854933026594987e+36
2.8236568843536584e+29 4.0269586701889475e+31 2.9654348148338572e+32 1.3122771195158017e+33 4.748158922827854e+33 2.893928809645413e+35 2.836006949855927e+36
2.8537995336862422e+29 4.039717542584549e+31 2.966415815472698e+32 1.3102919626803612e+33 4.7346462509169664e+33 2.876827018530368e+35 2.8172365298793647e+36
2.8841006137985136e+29 4.0524001800456424e+31 2.967343933477884e+32 1.3082958893515693e+33 4.7211474640379693e+33 2.859848391759664e+35 2.798620242916897e+36
2.9145593670587236e+29 4.065006397204033e+31 2.9682195160057788e+32 1.3062890805038994e+33 4.7076629568132e+33 2.8429918983598642e+35 2.780156582467573e+36
2.9451750249169157e+29 4.077536015720941e+31 2.969042910186562e+32 1.3042717155459297e+33 4.694193117204546e+33 2.826256517008369e+35 2.761844059056979e+36
2.9759468080367074e+29 4.089988864223963e+31 2.9698144630863075e+32 1.302243972326604e+33 4.680738326591025e+33 2.8096412359362452e+35 2.743681200019462e+36
3.006873926427687e+29 4.102364778243879e+31 2.9705345216697737e+32 1.3002060271415988e+33 4.6672989598456735e+33 2.7931450528320518e+35 2.7256665492834614e+36
3.037955579578332e+29 4.114663600151374e+31 2.9712034327638537e+32 1.2981580547397988e+33 4.653875385411775e+33 2.7767669747466635e+35 2.707798667159891e+36
3.069190956589474e+29 4.1268851790936915e+31 2.9718215430217393e+32 1.2961002283298853e+33 4.6404679653784416e+33 2.7605060179990675e+35 2.690076130133522e+36
3.100579236308319e+29 4.139029370931253e+31 2.972389198887774e+32 1.2940327195870292e+33 4.6270770555555226e+33 2.744361208083131e+35 2.6724975306573275e+36
3.1321195874628548e+29 4.151096038174154e+31 2.9729067465629514e+32 1.2919556986596698e+33 4.6137030055478284e+33 2.7283315795753187e+35 2.6550614769497198e+36
3.1638111687968023e+29 4.163085049918727e+31 2.973374531971093e+32 1.2898693341764136e+33 4.600346158828745e+33 2.7124161760433864e+35 2.6377665927946718e+36
3.19565312920488e+29 4.174996281783995e+31 2.9737929007257085e+32 1.2877737932530026e+33 4.587006852813147e+33 2.6966140499559987e+35 2.6206115173446616e+36
3.22764460786846e+29 4.186829615848172e+31 2.974162198097457e+32 1.2856692414993778e+33 4.5736854189296825e+33 2.6809242625932815e+35 2.6035949049263735e+36
3.259784734391625e+29 4.198584940585146e+31 2.9744827689822926e+32 1.2835558430268333e+33 4.5603821826923766e+33 2.665345883958299e+35 2.5867154248491424e+36
3.292072628937497e+29 4.21026215080101e+31 2.9747549578702325e+32 1.2814337604552538e+33 4.5470974637716215e+33 2.649877992689456e+35 2.5699717612161016e+36
3.324507402364822e+29 4.221861147570566e+31 2.9749791088147395e+32 1.279303154920411e+33 4.53383157606448e+33 2.6345196759738015e+35 2.5533626127379683e+36
3.357088156364828e+29 4.233381838173917e+31 2.9751555654027402e+32 1.2771641860813574e+33 4.520584827764356e+33 2.6192700294612197e+35 2.5368866925494424e+36
3.389813983598366e+29 4.244824136033134e+31 2.975284670725266e+32 1.2750170121278862e+33 4.5073575214300367e+33 2.6041281571795267e+35 2.5205427280281686e+36
3.422683967833127e+29 4.256187960648913e+31 2.9753667673486563e+32 1.2728617897880445e+33 4.494149954054052e+33 2.5890931714504315e+35 2.5043294606162317e+36
3.455697184081095e+29 4.267473237537379e+31 2.9754021972864168e+32 1.2706986743357308e+33 4.480962417130443e+33 2.5741641928063884e+35 2.488245645644159e+36
3.488852698736158e+29 4.278679898166954e+31 2.9753913019716207e+32 1.268527819598351e+33 4.467795196721856e+33 2.5593403499082967e+35 2.4722900521573496e+36
3.5221495697117246e+29 4.289807879895305e+31 2.9753344222299207e+32 1.266349377964521e+33 4.4546485735260127e+33 2.544620779464049e+35 2.4564614627449253e+36
3.5555868465785436e+29 4.300857125906427e+31 2.9752318982531156e+32 1.2641635003918403e+33 4.441522822941549e+33 2.530004626147949e+35 2.4407586733709772e+36
3.589163570702474e+29 4.311827585147833e+31 2.9750840695733285e+32 1.2619703364147163e+33 4.4284182151332354e+33 2.5154910425209526e+35 2.4251804932081367e+36
3.622878775382342e+29 4.322719212267894e+31 2.9748912750376743e+32 1.2597700341522319e+33 4.415335015096564e+33 2.501079188951736e+35 2.4097257444734593e+36
3.6567314859877404e+29 4.333531967553245e+31 2.9746538527835385e+32 1.2575627403160687e+33 4.402273482721684e+33 2.486768233538583e+35 2.3943932622665706e+36
3.690720720096881e+29 4.3442658168664585e+31 2.9743721402144078e+32 1.2553486002184756e+33 4.389233872856779e+33 2.4725573520321013e+35 2.37918189441007e+36
3.7248454876343e+29 4.35492073158375e+31 2.974046473976186e+32 1.2531277577802751e+33 4.376216435370766e+33 2.4584457277587307e+35 2.3640905012921156e+36
3.759104791008519e+29 4.3654966885329395e+31 2.9736771899340854e+32 1.250900355538913e+33 4.363221415215421e+33 2.4444325515450434e+35 2.349117955711189e+36
3.793497625249665e+29 4.375993669931551e+31 2.973264623150057e+32 1.2486665346565512e+33 4.350249052486877e+33 2.4305170216428458e+35 2.334263142722991e+36
3.8280229781468465e+29 4.386411663325076e+31 2.972809107860685e+32 1.2464264349281839e+33 4.3372995824865136e+33 2.4166983436550483e+35 2.319524959489448e+36
3.862679830385449e+29 4.396750661525477e+31 2.9723109774556363e+32 1.2441801947898004e+33 4.324373235781255e+33 2.402975730462324e+35 2.3049023151297913e+36
3.8974671556842524e+29 4.407010662549828e+31 2.971770564456609e+32 1.2419279513265666e+33 4.3114702382632553e+33 2.389348402150513e+35 2.290394130573668e+36
3.9323839209323226e+29 4.417191669559246e+31 2.971188200496777e+32 1.2396698402810495e+33 4.2985908112090026e+33 2.3758155859387957e+35 2.2759993384162666e+36
3.9674290863256936e+29 4.427293690797925e+31 2.9705642163006967e+32 1.2374059960614482e+33 4.285735171337803e+33 2.3623765161086098e+35 2.2617168827754284e+36
4.002601605503788e+29 4.437316739532486e+31 2.969898941664754e+32 1.2351365517498706e+33 4.272903530869708e+33 2.3490304339333204e+35 2.2475457191507078e+36
4.0379004256856206e+29 4.447260833991528e+31 2.9691927054380477e+32 1.2328616391106189e+33 4.260096097582841e+33 2.335776587608609e+35 2.2334848142843437e+36
4.073324487805623e+29 4.457125997305365e+31 2.9684458355037482e+32 1.2305813885984956e+33 4.247313074870119e+33 2.3226142321835932e+35 2.2195331460241336e+36
4.108872726649252e+29 4.4669122574461125e+31 2.9676586587609377e+32 1.2282959293671348e+33 4.234554661795456e+33 2.3095426294926707e+35 2.2056897031881696e+36
4.144544070988195e+29 4.476619647167875e+31 2.9668315011068993e+32 1.2260053892773436e+33 4.2218210531493126e+33 2.2965610480880758e+35 2.19195348543141e+36
4.180337443715262e+29 4.486248203947333e+31 2.9659646874198492e+32 1.2237098949054612e+33 4.209112439503748e+33 2.2836687631731333e+35 2.1783235031140576e+36
4.216251761978894e+29 4.495797969924486e+31 2.9650585415421274e+32 1.2214095715517258e+33 4.1964290072668495e+33 2.2708650565362082e+35 2.1647987771717216e+36
4.2522859373172884e+29 4.505268991843736e+31 2.9641133862638388e+32 1.2191045432486609e+33 4.1837709387366386e+33 2.258149216485356e+35 2.151378338987333e+36
4.288438875792102e+29 4.514661320995167e+31 2.9631295433068797e+32 1.2167949327694596e+33 4.1711384121543864e+33 2.245520537783652e+35 2.1380612302647984e+36
4.3247094781217e+29 4.523975013156178e+31 2.9621073333094433e+32 1.2144808616363831e+33 4.158531601757402e+33 2.2329783215851838e+35 2.124846502904338e+36
4.361096639814034e+29 4.53321012853335e+31 2.9610470758109326e+32 1.212162450129167e+33 4.1459506778312434e+33 2.2205218753717317e+35 2.1117332188795226e+36
4.3975992512989616e+29 4.542366731704609e+31 2.9599490892372512e+32 1.2098398172934194e+33 4.13339580676139e+33 2.208150512890094e+35 2.0987204501159507e+36
4.434216198060127e+29 4.551444891561691e+31 2.958813690886545e+32 1.2075130809490364e+33 4.120867151084381e+33 2.1958635540900806e+35 2.0858072783715596e+36
4.4709463607663666e+29 4.5604446812529175e+31 2.957641196915353e+32 1.20518235769861e+33 4.108364869538412e+33 2.1836603250631507e+35 2.072992795118544e+36
4.507788615402538e+29 4.569366178126227e+31 2.956431922325084e+32 1.2028477629358342e+33 4.095889117113367e+33 2.1715401579816773e+35 2.0602761014268452e+36
4.5447418333998326e+29 4.578209463672554e+31 2.9551861809489777e+32 1.2005094108539107e+33 4.083440045100351e+33 2.159502391038868e+35 2.0476563078492085e+36
4.581804881765589e+29 4.586974623469528e+31 2.953904285439374e+32 1.1981674144539557e+33 4.071017801140701e+33 2.1475463683893062e+35 2.0351325343077778e+36
4.618976623212435e+29 4.595661747125433e+31 2.9525865472554062e+32 1.195821885553395e+33 4.058622529274435e+33 2.1356714400901042e+35 2.022703909982192e+36
4.6562559162869345e+29 4.604270928223538e+31 2.951233276651043e+32 1.1934729347943528e+33 4.046254369988201e+33 2.123876962042678e+35 2.0103695731991722e+36
4.693641615497674e+29 4.612802264266738e+31 2.949844782663516e+32 1.1911206716520359e+33 4.0339134602627336e+33 2.11216229593514e+35 1.9981286713235946e+36
4.7311325714425336e+29 4.6212558566224985e+31 2.9484213731020793e+32 1.1887652044431119e+33 4.021599933619752e+33 2.1005268091852715e+35 1.9859803606509863e+36
4.76872763093559e+29 4.62963181046814e+31 2.9469633545371675e+32 1.1864066403340664e+33 4.0093139201683806e+33 2.0889698748841155e+35 1.9739238063014673e+36
4.806425637133199e+29 4.637930234736503e+31 2.9454710322898606e+32 1.1840450853495636e+33 3.9970555466510746e+33 2.0774908717401346e+35 1.9619581821150808e+36
4.84422542965954e+29 4.646151242061861e+31 2.943944710421728e+32 1.1816806443807769e+33 3.984824936489006e+33 2.0660891840239753e+35 1.95008267054852e+36
4.88212584473132e+29 4.654294948726238e+31 2.942384691724982e+32 1.179313421193719e+33 3.972622209826993e+33 2.054764201513786e+35 1.9382964625732145e+36
4.9201257152820415e+29 4.662361474606057e+31 2.940791277713e+32 1.176943518437558e+33 3.960447483577925e+33 2.043515319441133e+35 1.9265987575747665e+36
4.9582238710853945e+29 4.670350943119115e+31 2.9391647686111348e+32 1.1745710376529034e+33 3.9483008714666836e+33 2.0323419384374502e+35 1.9149887632536954e+36
4.9964191388779605e+29 4.678263481171921e+31 2.9375054633478836e+32 1.1721960792800879e+33 3.936182484073602e+33 2.021243464481069e+35 1.9034656955275094e+36
5.0347103424813206e+29 4.686099219107387e+31 2.935813659546359e+32 1.1698187426674308e+33 3.924092428877443e+33 2.010219308844803e+35 1.892028778434056e+36
5.073096302923223e+29 4.693858290652865e+31 2.934089653516066e+32 1.167439126079472e+33 3.9120308102978894e+33 1.9992688880440595e+35 1.880677244036133e+36
5.111575838558286e+29 4.7015408328685075e+31 2.9323337402450054e+32 1.1650573267051969e+33 3.899997729737551e+33 1.9883916237855128e+35 1.869410332327357e+36
