luminosity_table.ecsv
# %ECSV 1.0
# ---
# datatype:
# - {name: m, unit: J / (m s), datatype: float64}
# - {name: k, unit: J / (m s), datatype: float64}
# - {name: g, unit: J / (m s), datatype: float64}
# - {name: f, unit: J / (m s), datatype: float64}
# - {name: a, unit: J / (m s), datatype: float64}
# - {name: b, unit: J / (m s), datatype: float64}
# - {name: o, unit: J / (m s), datatype: float64}
# schema: astropy-2.0
m k g f a b o
[from data line 206]
1.332292188289841e+30 6.91243484087457e+31 3.6858332988555435e+32 1.34735784668087e+33 4.285779197235307e+33 2.001904457185547e+35 1.8558507154450036e+36
1.3401266670220494e+30 6.918970695459769e+31 3.682139862847805e+32 1.34427619157939e+33 4.2719531250388814e+33 1.991030588850979e+35 1.8447875211428985e+36
1.3479630067050409e+30 6.925399642344779e+31 3.678414948949604e+32 1.3411949460159382e+33 4.258165295164182e+33 1.98022922892159e+35 1.8338062861953576e+36
1.3558009523970434e+30 6.9317220936016425e+31 3.674658921071161e+32 1.3381142035942547e+33 4.244415753051017e+33 1.9694998096274645e+35 1.822906286503241e+36
1.3636402501106163e+30 6.937938463610852e+31 3.670872140843303e+32 1.3350340567252517e+33 4.230704541402289e+33 1.9588417682481824e+35 1.8120868053812483e+36
1.3714806468275824e+30 6.944049168996774e+31 3.667054967618859e+32 1.331954596637816e+33 4.217031700226117e+33 1.9482545470632507e+35 1.801347133471789e+36
1.3793218905137107e+30 6.950054628563989e+31 3.663207758474355e+32 1.3288759133895543e+33 4.203397266877488e+33 1.9377375933030603e+35 1.790686568659975e+36
1.3871637301331e+30 6.955955263234291e+31 3.659330868211923e+32 1.3257980958774793e+33 4.1898012760993566e+33 1.927290359100358e+35 1.7801044159897154e+36
1.3950059156622985e+30 6.961751495984328e+31 3.655424649361444e+32 1.322721231848622e+33 4.1762437600632495e+33 1.9169123014422256e+35 1.769599987580888e+36
1.4028481981041614e+30 6.967443751784077e+31 3.651489452182953e+32 1.3196454079105928e+33 4.1627247484093815e+33 1.9066028821225614e+35 1.7591726025475823e+36
1.4106903295014316e+30 6.973032457536027e+31 3.647525624669268e+32 1.316570709542081e+33 4.1492442682862557e+33 1.8963615676950727e+35 1.7488215869174043e+36
1.418532062950036e+30 6.978518042014953e+31 3.643533512548842e+32 1.3134972211032796e+33 4.135802344389785e+33 1.8861878294267478e+35 1.7385462735518154e+36
1.4263731526121436e+30 6.983900935808535e+31 3.639513459288818e+32 1.3104250258462574e+33 4.122398999001924e+33 1.8760811432518273e+35 1.7283460020674946e+36
1.4342133537289443e+30 6.989181571258656e+31 3.635465806098355e+32 1.3073542059252626e+33 4.1090342520288176e+33 1.866040989726255e+35 1.7182201187587123e+36
1.4420524226331646e+30 6.994360382403309e+31 3.631390891932095e+32 1.3042848424069645e+33 4.095708121038468e+33 1.856066853982601e+35 1.7081679765206994e+36
1.4498901167613107e+30 6.999437804919297e+31 3.627289053493883e+32 1.3012170152806302e+33 4.082420621297955e+33 1.8461582256854697e+35 1.698188934774006e+36
1.4577261946656822e+30 7.004414276065628e+31 3.623160625240683e+32 1.298150803468235e+33 4.069171765810161e+33 1.8363145989873666e+35 1.6882823593898128e+36
1.4655604160260957e+30 7.009290234627522e+31 3.619005939386676e+32 1.2950862848345154e+33 4.055961565350056e+33 1.8265354724850263e+35 1.6784476226162088e+36
1.473392541661363e+30 7.014066120861146e+31 3.6148253259075545e+32 1.2920235361969472e+33 4.0427900285004986e+33 1.8168203491762037e+35 1.6686841030054054e+36
1.481222333540524e+30 7.018742376439076e+31 3.610619112545009e+32 1.2889626333356682e+33 4.0296571616876265e+33 1.8071687364169172e+35 1.6589911853418802e+36
1.4890495547938115e+30 7.023319444396353e+31 3.606387624811408e+32 1.2859036510033316e+33 4.016562969215776e+33 1.7975801458791363e+35 1.649368260571436e+36
1.4968739697233794e+30 7.027797769077266e+31 3.6021311859946224e+32 1.2828466629348926e+33 4.00350745330195e+33 1.7880540935089112e+35 1.6398147257311525e+36
1.504695343813765e+30 7.032177796082762e+31 3.597850117163056e+32 1.2797917418573325e+33 3.990490614109868e+33 1.778590099484939e+35 1.630329983880239e+36
1.51251344374212e+30 7.036459972218608e+31 3.5935447371708544e+32 1.2767389594993226e+33 3.977512449783594e+33 1.7691876881775787e+35 1.620913444031763e+36
1.520328037388179e+30 7.04064474544406e+31 3.589215362663212e+32 1.273688386600811e+33 3.964572956480691e+33 1.759846388108266e+35 1.6115645210852328e+36
1.52813889384401e+30 7.04473256482135e+31 3.584862308081934e+32 1.2706400929225534e+33 3.951672128405005e+33 1.750565731909378e+35 1.6022826357600406e+36
1.5359457834234912e+30 7.048723880465725e+31 3.5804858856710886e+32 1.2675941472555776e+33 3.938809957839005e+33 1.7413452562845022e+35 1.5930672145297454e+36
1.5437484776715685e+30 7.0526191434961495e+31 3.576086405482832e+32 1.2645506174305777e+33 3.925986435175708e+33 1.732184501969126e+35 1.5839176895571858e+36
1.551546749373273e+30 7.056418805986677e+31 3.571664175383385e+32 1.2615095703272503e+33 3.9132015489502014e+33 1.7230830136917327e+35 1.5748334986304046e+36
1.5593403725625017e+30 7.06012332091842e+31 3.567219501059165e+32 1.258471071883558e+33 3.9004552858707666e+33 1.7140403401353063e+35 1.565814085099385e+36
1.5671291225305418e+30 7.063733142132198e+31 3.56275268602302e+32 1.2554351871049317e+33 3.887747630849575e+33 1.7050560338992312e+35 1.5568588978135755e+36
1.5749127758344107e+30 7.06724872428177e+31 3.5582640316206456e+32 1.2524019800734059e+33 3.87507856703304e+33 1.6961296514616002e+35 1.5479673910602094e+36
1.5826911103049204e+30 7.07067052278772e+31 3.5537538370371216e+32 1.2493715139566939e+33 3.862448075831723e+33 1.687260753141903e+35 1.539139024503386e+36
1.5904639050545345e+30 7.073998993791965e+31 3.549222399303551e+32 1.2463438510171888e+33 3.84985613694988e+33 1.6784489030641046e+35 1.530373263123917e+36
1.5982309404849947e+30 7.077234594112821e+31 3.544670013303867e+32 1.2433190526209044e+33 3.8373027284146215e+33 1.6696936691201134e+35 1.521669577159925e+36
1.6059919982947238e+30 7.080377781200787e+31 3.540096971781738e+32 1.2402971792463543e+33 3.8247878266047066e+33 1.6609946229336297e+35 1.5130274420481927e+36
1.6137468614860066e+30 7.083429013094825e+31 3.53550356534759e+32 1.2372782904933578e+33 3.8123114062789415e+33 1.6523513398243584e+35 1.504446338366226e+36
1.6214953143719485e+30 7.086388748379293e+31 3.530890082485757e+32 1.2342624450917894e+33 3.7998734406042033e+33 1.6437633987726012e+35 1.4959257517750476e+36
1.6292371425832263e+30 7.0892574461414965e+31 3.526256809561742e+32 1.2312497009102569e+33 3.7874739011831396e+33 1.635230382384218e+35 1.487465172962705e+36
1.6369721330745954e+30 7.092035565929779e+31 3.521604030829575e+32 1.2282401149647184e+33 3.7751127580814614e+33 1.6267518768559474e+35 1.4790640975884758e+36
1.6447000741312177e+30 7.094723567712207e+31 3.516932028439293e+32 1.2252337434270342e+33 3.7627899798548977e+33 1.6183274719410911e+35 1.4707220262277636e+36
1.6524207553747602e+30 7.0973219118359e+31 3.512241082444505e+32 1.2222306416334538e+33 3.7505055335758027e+33 1.609956760915542e+35 1.4624384643176768e+36
1.6601339677692792e+30 7.099831058986873e+31 3.507531470810074e+32 1.219230864093036e+33 3.7382593848593977e+33 1.6016393405441789e+35 1.4542129221032835e+36
1.66783950362689e+30 7.102251470150428e+31 3.502803469419881e+32 1.2162344644960144e+33 3.7260514978896775e+33 1.593374811047603e+35 1.4460449145845286e+36
1.675537156613274e+30 7.10458360657223e+31 3.4980573520846984e+32 1.2132414957220855e+33 3.713881835444985e+33 1.5851627760692153e+35 1.4379339614638067e+36
