luminosity_table.ecsv
# %ECSV 1.0
# ---
# datatype:
# - {name: m, unit: J / (m s), datatype: float64}
# - {name: k, unit: J / (m s), datatype: float64}
# - {name: g, unit: J / (m s), datatype: float64}
# - {name: f, unit: J / (m s), datatype: float64}
# - {name: a, unit: J / (m s), datatype: float64}
# - {name: b, unit: J / (m s), datatype: float64}
# - {name: o, unit: J / (m s), datatype: float64}
# schema: astropy-2.0
m k g f a b o
1.2933373850220761e+29 3.143510266644127e+31 3.113618571499674e+32 1.7236205275996586e+33 7.456427736539444e+33 7.263199222246788e+35 8.024754348394838e+36
1.3192815543835846e+29 3.170380968546017e+31 3.125872048093083e+32 1.725043340220619e+33 7.445256663299709e+33 7.211425816941963e+35 7.956802479935832e+36
1.3455714573187605e+29 3.197247106501197e+31 3.1380162851751655e+32 1.7264082103894664e+33 7.433938842658439e+33 7.160088644406687e+35 7.889560021820774e+36
1.3722085214391418e+29 3.2241066994613986e+31 3.1500510670125812e+32 1.727715581012249e+33 7.422476823353282e+33 7.109183646961856e+35 7.823018225224398e+36
1.3991941359337328e+29 3.2509577802833325e+31 3.161976194496362e+32 1.7289658960941823e+33 7.410873130076487e+33 7.05870680494847e+35 7.757168464913436e+36
1.4265296513054866e+29 3.277798395956855e+31 3.1737914849139024e+32 1.7301596006306638e+33 7.399130263497086e+33 7.00865413644557e+35 7.692002237294609e+36
1.4542163791198736e+29 3.3046266078255265e+31 3.1854967717211066e+32 1.7312971405006407e+33 7.387250700289172e+33 6.959021696987193e+35 7.62751115849638e+36
1.4822555917654926e+29 3.3314404917995694e+31 3.19709190431492e+32 1.7323789623622995e+33 7.375236893166007e+33 6.909805579278452e+35 7.563686962483802e+36
1.510648522226689e+29 3.3582381385613603e+31 3.2085767478061886e+32 1.7334055135510423e+33 7.363091270919846e+33 6.861001912910911e+35 7.500521499205909e+36
1.5393963638681942e+29 3.3850176537635884e+31 3.2199511827930206e+32 1.7343772419797245e+33 7.35081623846726e+33 6.812606864077379e+35 7.43800673277498e+36
1.5685002702316341e+29 3.411777158219998e+31 3.2312151051346404e+32 1.7352945960411442e+33 7.338414176899748e+33 6.764616635286218e+35 7.376134739677169e+36
1.597961354843987e+29 3.438514788089037e+31 3.242368425725865e+32 1.736158024512711e+33 7.325887443539518e+33 6.717027465075308e+35 7.314897707013822e+36
1.6277806910378034e+29 3.465228695050293e+31 3.2534110702722324e+32 1.736967976463317e+33 7.313238372000108e+33 6.669835627725771e+35 7.254287930773006e+36
1.657959311783224e+29 3.4919170464738954e+31 3.264342979065855e+32 1.7377249011623345e+33 7.300469272251885e+33 6.623037432975581e+35 7.194297814130633e+36
1.6884982095316757e+29 3.51857802558301e+31 3.2751641067620555e+32 1.7384292479907537e+33 7.287582430692108e+33 6.576629225733124e+35 7.134919865780688e+36
1.7193983360712442e+29 3.5452098316094117e+31 3.285874422156859e+32 1.7390814663543873e+33 7.274580110219376e+33 6.530607385790866e+35 7.076146698293929e+36
1.7506606023935197e+29 3.5718106799423335e+31 3.296473907965371e+32 1.7396820055991554e+33 7.261464550312397e+33 6.484968327539143e+35 7.017971026504675e+36
1.7822858785720294e+29 3.5983788022705954e+31 3.306962560601134e+32 1.7402313149283878e+33 7.248237967112861e+33 6.439708499680275e+35 6.960385665925026e+36
1.8142749936519564e+29 3.6249124467181895e+31 3.317340389956466e+32 1.7407298433221386e+33 7.234902553512219e+33 6.394824384942986e+35 6.903383531186131e+36
1.8466287355512634e+29 3.651409877973311e+31 3.3276074191838584e+32 1.7411780394584745e+33 7.221460479242331e+33 6.350312499797258e+35 6.846957634505902e+36
1.8793478509730018e+29 3.67786937741107e+31 3.337763684478527e+32 1.7415763516366923e+33 7.207913890969682e+33 6.306169394169724e+35 6.791101084182777e+36
1.9124330453287497e+29 3.7042892432097853e+31 3.347809234862036e+32 1.7419252277024876e+33 7.194264912393236e+33 6.262391651159637e+35 6.735807083115017e+36
1.945884982673098e+29 3.7306677904611683e+31 3.357744131967213e+32 1.7422251149749617e+33 7.180515644345492e+33 6.2189758867555005e+35 6.681068927345041e+36
1.9797042856490685e+29 3.7570033512743276e+31 3.367568449824207e+32 1.7424764601755425e+33 7.166668164896901e+33 6.175918749552436e+35 6.626880004628409e+36
2.013891535444392e+29 3.7832942748737535e+31 3.377282274647932e+32 1.7426797093586914e+33 7.152724529463344e+33 6.133216920470363e+35 6.573233793026972e+36
2.0484472717584792e+29 3.8095389276913774e+31 3.386885704626728e+32 1.742835307844434e+33 7.138686770916535e+33 6.090867112473021e+35 6.520123859525691e+36
2.0833719927800484e+29 3.8357356934528186e+31 3.3963788497124595e+32 1.7429437001526712e+33 7.124556899697308e+33 6.048866070287942e+35 6.467543858672827e+36
2.118666155175239e+29 3.861882973257836e+31 3.405761831411978e+32 1.7430053299392202e+33 7.110336903931632e+33 6.007210570127392e+35 6.415487531242937e+36
2.1543301740861522e+29 3.8879791856551634e+31 3.415034782579989e+32 1.7430206399335883e+33 7.09602874954911e+33 5.9658974194103466e+35 6.363948702922334e+36
2.190364423139657e+29 3.9140227667118247e+31 3.4241978472134366e+32 1.7429900718784274e+33 7.081634380404142e+33 5.924923456485599e+35 6.31292128301664e+36
2.2267692344663566e+29 3.940012170076904e+31 3.4332511802473105e+32 1.742914066470665e+33 7.067155718399268e+33 5.884285550355942e+35 6.262399263179914e+36
2.2635448987295987e+29 3.9659458670400313e+31 3.442194947352035e+32 1.742793063304258e+33 7.05259466361083e+33 5.843980600403597e+35 6.212376716165087e+36
2.300691665164442e+29 3.9918223465845847e+31 3.451029324732381e+32 1.7426275008145694e+33 7.037953094416831e+33 5.804005536116864e+35 6.162847794595253e+36
2.338209741626352e+29 4.0176401154356663e+31 3.459754498927927e+32 1.742417816224324e+33 7.023232867626732e+33 5.764357316818043e+35 6.113806729755434e+36
2.3760992946496124e+29 4.0433976981030556e+31 3.468370666615161e+32 1.742164445491109e+33 7.008435818613214e+33 5.7250329313926605e+35 6.065247830404511e+36
2.4143604495152602e+29 4.06909363691915e+31 3.4768780344112054e+32 1.7418678232564312e+33 6.99356376144582e+33 5.686029398020088e+35 6.017165481606875e+36
2.4529932903284098e+29 4.094726492071994e+31 3.485276818679128e+32 1.741528382796244e+33 6.978618489026229e+33 5.647343763905534e+35 5.969554143583498e+36
2.4919978601049024e+29 4.120294841633537e+31 3.493567245335011e+32 1.741146555972983e+33 6.96360177322529e+33 5.608973105013457e+35 5.922408350582081e+36
2.531374160867026e+29 4.145797281583172e+31 3.501749549656617e+32 1.7407227731890376e+33 6.948515365021467e+33 5.57091452580246e+35 5.875722709765889e+36
2.5711221537482715e+29 4.17123242582662e+31 3.50982397609382e+32 1.740257463341653e+33 6.933360994640874e+33 5.5331651589616485e+35 5.829491900120967e+36
2.611241759106963e+29 4.196598906210339e+31 3.517790778080735e+32 1.7397510537792312e+33 6.918140371698558e+33 5.495722165148561e+35 5.783710671381433e+36
2.651732856648596e+29 4.221895372531465e+31 3.5256502178495825e+32 1.739203970259017e+33 6.902855185341136e+33 5.458582732728573e+35 5.738373842972467e+36
2.6925952855567714e+29 4.2471204925434e+31 3.5334025662462946e+32 1.7386166369061273e+33 6.887507104390634e+33 5.421744077515936e+35 5.693476302970731e+36
2.7338288446325638e+29 4.272272951957193e+31 3.541048102547934e+32 1.737989476173909e+33 6.872097777489382e+33 5.385203442516388e+35 5.649013007081872e+36
2.7754332924421993e+29 4.297351454438678e+31 3.548587114281818e+32 1.7373229088056133e+33 6.856628833246029e+33 5.3489580976713944e+35 5.604978977634837e+36
2.81740834747289e+29 4.322354721601583e+31 3.5560198970464966e+32 1.7366173537973162e+33 6.841101880382465e+33 5.313005339604011e+35 5.561369302592671e+36
2.8597536882967035e+29 4.347281492996641e+31 3.5633467543344856e+32 1.7358732283621424e+33 6.825518507881658e+33 5.2773424913664176e+35 5.518179134579515e+36
2.9024689537422623e+29 4.3721305260967845e+31 3.570567997356857e+32 1.7350909478956762e+33 6.80988028513633e+33 5.241966902189149e+35 5.475403689923542e+36
2.945553743074185e+29 4.396900596278522e+31 3.5776839448695716e+32 1.7342709259426076e+33 6.794188762098319e+33 5.2068759472319746e+35 5.433038247715478e+36
2.989007616180118e+29 4.421590496799624e+31 3.584694923001723e+32 1.73341357416456e+33 6.778445469428722e+33 5.172067027336539e+35 5.391078148882538e+36
3.032830093765213e+29 4.446199038773058e+31 3.5916012650855634e+32 1.7325193023090717e+33 6.762651918648569e+33 5.137537568780688e+35 5.349518795277395e+36
3.0770206575538223e+29 4.4707250511374875e+31 3.598403311488346e+32 1.7315885181797315e+33 6.74680960229008e+33 5.103285023034552e+35 5.308355648781986e+36
3.1215787504984154e+29 4.495167380624192e+31 3.6051014094460834e+32 1.73062162760742e+33 6.730919994048456e+33 5.0693068665183706e+35 5.267584230425882e+36
3.1665037769954257e+29 4.51952489172067e+31 3.611695912899071e+32 1.7296190344226675e+33 6.714984548934028e+33 5.0356006003620815e+35 5.2272001195189297e+36
3.21179510310795e+29 4.543796466630806e+31 3.618187182329325e+32 1.728581140429051e+33 6.699004703424853e+33 5.00216375016667e+35 5.187198952797969e+36
3.25745205679519e+29 4.5679810052319855e+31 3.624575584599816e+32 1.7275083453776955e+33 6.682981875619571e+33 4.968993865767309e+35 5.147576423587325e+36
3.303473928148355e+29 4.592077425028856e+31 3.6308614927956046e+32 1.7264010469427631e+33 6.666917465390585e+33 4.936088520998278e+35 5.108328280972878e+36
3.349859969633016e+29 4.6160846611041715e+31 3.6370452860667885e+32 1.725259640697973e+33 6.650812854537404e+33 4.9034453134596646e+35 5.069450328989427e+36
3.39660939633772e+29 4.640001666066542e+31 3.643127349473354e+32 1.724084520094131e+33 6.63466940694018e+33 4.871061864285885e+35 5.030938425821172e+36
3.443721386228654e+29 4.66382740999531e+31 3.649108073831815e+32 1.7228760764375832e+33 6.61848846871333e+33 4.8389358179159885e+35 4.992788483015015e+36
3.491195080410316e+29 4.687560880382558e+31 3.654987855563772e+32 1.721634698869679e+33 6.602271368359267e+33 4.807064841865783e+35 4.954996464706521e+36
3.539029583391981e+29 4.711201082072409e+31 3.66076709654628e+32 1.720360774347115e+33 6.586019416922103e+33 4.775446626501757e+35 4.9175583868582803e+36
3.587223963359757e+29 4.7347470371975315e+31 3.666446203964056e+32 1.719054687623229e+33 6.569733908141343e+33 4.744078884816825e+35 4.8804703165104624e+36
3.6357772524542835e+29 4.758197785113119e+31 3.672025590163594e+32 1.7177168212301664e+33 6.553416118605535e+33 4.712959352207892e+35 4.843728371043351e+36
3.684688447053647e+29 4.781552382328284e+31 3.6775056725090314e+32 1.7163475554619174e+33 6.537067307905778e+33 4.682085786255209e+35 4.807328717451665e+36
3.7339565080616706e+29 4.804809902434994e+31 3.682886873239925e+32 1.7149472683582375e+33 6.520688718789079e+33 4.65145596650358e+35 4.771267571630434e+36
3.783580361201131e+29 4.827969436034579e+31 3.688169619330834e+32 1.7135163356893707e+33 6.504281577311551e+33 4.621067694245354e+35 4.735541197672242e+36
3.833558897312029e+29 4.851030090661973e+31 3.693354342352722e+32 1.7120551309416202e+33 6.487847092991362e+33 4.590918792305253e+35 4.7001459071756595e+36
3.883890972654576e+29 4.873990990707579e+31 3.698441478336198e+32 1.7105640253036974e+33 6.4713864589614e+33 4.5610071048270016e+35 4.665078058564635e+36
3.934575409216813e+29 4.896851277337104e+31 3.703431467636543e+32 1.7090433876538837e+33 6.454900852121725e+33 4.531330497061764e+35 4.6303340564186855e+36
3.9856109950268014e+29 4.919610108409075e+31 3.708324754800586e+32 1.707493584547916e+33 6.438391433291533e+33 4.501886855158408e+35 4.595910350813679e+36
4.03699648446908e+29 4.942266658390476e+31 3.713121788435355e+32 1.7059149802076753e+33 6.421859347360949e+33 4.4726740859555615e+35 4.5618034366730493e+36
4.088730598605469e+29 4.964820118270294e+31 3.717823021078513e+32 1.7043079365105585e+33 6.405305723442259e+33 4.4436901167754694e+35 4.528009853129239e+36
4.140812025499815e+29 4.987269695471134e+31 3.722428909070616e+32 1.7026728129796056e+33 6.388731675020817e+33 4.4149328952196544e+35 4.49452618289522e+36
4.193239420546733e+29 5.009614613759025e+31 3.726939912429122e+32 1.7010099667743012e+33 6.372138300105464e+33 4.38640038896637e+35 4.4613490516458776e+36
4.246011406804174e+29 5.031854113151365e+31 3.731356494724135e+32 1.699319752682061e+33 6.355526681378435e+33 4.358090585569832e+35 4.4284751274091506e+36
4.299126575329631e+29 5.05398744982317e+31 3.735679122956003e+32 1.6976025231104155e+33 6.33889788634482e+33 4.330001492261258e+35 4.3959011199667034e+36
4.3525834855199124e+29 5.076013896011609e+31 3.739908267434577e+32 1.695858628079811e+33 6.322252967481434e+33 4.302131135751651e+35 4.3636237802639925e+36
4.406380665454185e+29 5.097932739918972e+31 3.744044401660232e+32 1.6940884152170636e+33 6.305592962385158e+33 4.274477562036381e+35 4.331639899829572e+36
4.460516612240484e+29 5.119743285614016e+31 3.7480880022066585e+32 1.6922922297494414e+33 6.288918893920694e+33 4.247038836201512e+35 4.299946310203461e+36
4.514989792365176e+29 5.141444852931834e+31 3.7520395486053166e+32 1.6904704144993403e+33 6.272231770367682e+33 4.2198130422318944e+35 4.268539882374433e+36
4.569798642045431e+29 5.163036777372315e+31 3.755899523231631e+32 1.6886233098795716e+33 6.255532585567222e+33 4.192798282821012e+35 4.2374175262260876e+36
4.624941567584725e+29 5.184518409997164e+31 3.7596684111928915e+32 1.6867512538892102e+33 6.238822319067757e+33 4.165992679182571e+35 4.2065761899915166e+36
4.680416945730861e+29 5.205889117325599e+31 3.7633467002178135e+32 1.6848545821100162e+33 6.222101936270232e+33 4.1393943708638e+35 4.1760128597164486e+36
4.736223124036741e+29 5.22714828122882e+31 3.7669348805477736e+32 1.6829336277034064e+33 6.205372388572613e+33 4.113001515560504e+35 4.1457245587307235e+36
4.792358421223622e+29 5.248295298823175e+31 3.770433444829765e+32 1.6809887214079764e+33 6.188634613513697e+33 4.086812288933844e+35 4.115708347127972e+36
4.848821127546577e+29 5.269329582362207e+31 3.773842888010908e+32 1.6790201915375113e+33 6.171889534916153e+33 4.0608248844287845e+35 4.0859613212533156e+36
4.905609505162447e+29 5.29025055912758e+31 3.777163707234677e+32 1.677028363979552e+33 6.155138063028858e+33 4.035037513094278e+35 4.056480613198976e+36
4.9627217884996864e+29 5.31105767131893e+31 3.780396401738751e+32 1.6750135621944312e+33 6.138381094668495e+33 4.009448403405127e+35 4.0272633903077e+36
5.0201561846302494e+29 5.331750375942629e+31 3.78354147275441e+32 1.6729761072147986e+33 6.121619513360323e+33 3.9840558010855356e+35 3.9983068546838034e+36
5.077910873643448e+29 5.352328144699727e+31 3.786599423407617e+32 1.670916317645623e+33 6.104854189478194e+33 3.958857968934315e+35 3.969608242711738e+36
5.135984009021463e+29 5.372790463872821e+31 3.789570758621645e+32 1.6688345096646612e+33 6.088085980383765e+33 3.933853186651776e+35 3.941164824582051e+36
5.194373718016514e+29 5.393136834212126e+31 3.7924559850212695e+32 1.6667309970233638e+33 6.071315730564881e+33 3.909039750668254e+35 3.9129739038246294e+36
5.2530781020295526e+29 5.413366770820717e+31 3.795255610838545e+32 1.6646060910482228e+33 6.054544271773164e+33 3.8844159739742905e+35 3.885032816849068e+36
5.312095236990405e+29 5.433479803038954e+31 3.797970145820157e+32 1.6624601006425506e+33 6.037772423160738e+33 3.859980185952443e+35 3.857338932492091e+36
5.371423173739143e+29 5.453475474328191e+31 3.8006001011362304e+32 1.660293332288661e+33 6.021000991416083e+33 3.8357307322107056e+35 3.829889651571854e+36
5.431059938408692e+29 5.473353342153801e+31 3.803145989290726e+32 1.6581060900504596e+33 6.004230770899073e+33 3.811665974417556e+35 3.802682406449063e+36
5.491003532808521e+29 5.493112977867524e+31 3.805608324033353e+32 1.6558986755764344e+33 5.987462543775136e+33 3.787784290138604e+35 3.775714660594783e+36
5.55125193480922e+29 5.512753966589195e+31 3.8079876202729015e+32 1.6536713881030108e+33 5.970697080148502e+33 3.764084072674819e+35 3.748983908164785e+36
5.611803098728053e+29 5.532275907087963e+31 3.810284393992142e+32 1.6514245244582813e+33 5.953935138194597e+33 3.740563730902331e+35 3.722487673580381e+36
5.6726549557152216e+29 5.551678411662921e+31 3.8124991621641405e+32 1.6491583790661122e+33 5.937177464291518e+33 3.717221689113829e+35 3.6962235111156026e+36
5.7338054141407046e+29 5.570961106023246e+31 3.8146324426700356e+32 1.6468732439505743e+33 5.920424793150616e+33 3.694056386861485e+35 3.67018900449064e+36
