luminosity_table.ecsv
# %ECSV 1.0
# ---
# datatype:
# - {name: m, unit: J / (m s), datatype: float64}
# - {name: k, unit: J / (m s), datatype: float64}
# - {name: g, unit: J / (m s), datatype: float64}
# - {name: f, unit: J / (m s), datatype: float64}
# - {name: a, unit: J / (m s), datatype: float64}
# - {name: b, unit: J / (m s), datatype: float64}
# - {name: o, unit: J / (m s), datatype: float64}
# schema: astropy-2.0
m k g f a b o
3.135038550475232e+28 1.76902852728929e+31 2.2037451158481097e+32 1.3774960595220446e+33 6.416175847576936e+33 7.054816937213728e+35 7.925699211962286e+36
3.20924854967443e+28 1.7867061543049124e+31 2.2143102541711776e+32 1.379385370152367e+33 6.408834669256593e+33 7.004854440022819e+35 7.858689787635626e+36
3.284730944452315e+28 1.8044153098358866e+31 2.2248047586709356e+32 1.3812260653651517e+33 6.40134901217587e+33 6.95530920473037e+35 7.792378695787638e+36
3.36149709551217e+28 1.822154676806539e+31 2.2352282333294677e+32 1.38301843857226e+33 6.393721067446151e+33 6.906177402088784e+35 7.726757341959806e+36
3.439558290169895e+28 1.8399229410164139e+31 2.2455802954414273e+32 1.3847627854066046e+33 6.385953008690777e+33 6.857455237832234e+35 7.661817252807936e+36
3.5189257398842504e+28 1.857718791370534e+31 2.2558605754869454e+32 1.3864594036221681e+33 6.378046991987836e+33 6.809138952437384e+35 7.597550074194976e+36
3.5996105778126623e+28 1.8755409201053824e+31 2.2660687170035104e+32 1.3881085929957858e+33 6.370005155819353e+33 6.761224820882567e+35 7.533947569316692e+36
3.6816238563929777e+28 1.8933880230105387e+31 2.2762043764567498e+32 1.389710655230682e+33 6.361829621026609e+33 6.713709152405451e+35 7.47100161685959e+36
3.764976544952181e+28 1.9112587996460667e+31 2.2862672231103183e+32 1.3912658938617295e+33 6.353522490771547e+33 6.66658829025945e+35 7.408704209190491e+36
3.8496795273426197e+28 1.9291519535555757e+31 2.2962569388948842e+32 1.3927746141624505e+33 6.345085850503968e+33 6.6198586114689286e+35 7.347047450577158e+36
3.9357435996063966e+28 1.9470661924750147e+31 2.3061732182762817e+32 1.3942371230536984e+33 6.336521767934423e+33 6.573516526583406e+35 7.286023555439442e+36
4.023179467668651e+28 1.9650002285371876e+31 2.3160157681229886e+32 1.3956537290140505e+33 6.327832293012614e+33 6.527558479430818e+35 7.225624846630344e+36
4.111997745060271e+28 1.9829527784720204e+31 2.3257843075728445e+32 1.3970247419918666e+33 6.319019457911146e+33 6.4819809468699916e+35 7.165843753746464e+36
4.202208950670655e+28 2.000922563802558e+31 2.3354785678992108e+32 1.3983504733190086e+33 6.310085277014461e+33 6.436780438542453e+35 7.106672811467306e+36
4.293823506531155e+28 2.0189083110367526e+31 2.3450982923765703e+32 1.3996312356262057e+33 6.301031746912822e+33 6.391953496623647e+35 7.0481046579229e+36
4.3868517356296795e+28 2.036908751855024e+31 2.3546432361456188e+32 1.4008673427600473e+33 6.29186084640117e+33 6.3474966955737135e+35 6.990132033089206e+36
4.481303859757027e+28 2.054922623293612e+31 2.3641131660779436e+32 1.4020591097015784e+33 6.282574536482712e+33 6.303406641887888e+35 6.932747777210822e+36
4.577189997385593e+28 2.0729486679237892e+31 2.3735078606403277e+32 1.4032068524865103e+33 6.273174760377141e+33 6.259679973846669e+35 6.875944829250486e+36
4.674520161580652e+28 2.0909856340268594e+31 2.3828271097587438e+32 1.404310888126992e+33 6.263663443533228e+33 6.2163133612657905e+35 6.81971622536486e+36
4.773304257945017e+28 2.1090322757650747e+31 2.392070714682061e+32 1.4053715345349437e+33 6.2540424936458e+33 6.17330350524614e+35 6.764055097406162e+36
4.873552082597285e+28 2.127087353348411e+31 2.4012384878455708e+32 1.4063891104469496e+33 6.244313800676846e+33 6.130647137923666e+35 6.708954671449123e+36
4.975273320184319e+28 2.145149633197258e+31 2.4103302527343633e+32 1.407363935350659e+33 6.234479236880673e+33 6.0883410222194215e+35 6.654408266342858e+36
5.078477541928092e+28 2.1632178881010584e+31 2.4193458437465503e+32 1.408296329412709e+33 6.224540656832959e+33 6.0463819515897265e+35 6.600409292287151e+36
5.183174203707688e+28 2.181290897372901e+31 2.4282851060565046e+32 1.4091866134081402e+33 6.2144998974636e+33 6.0047667497766355e+35 6.546951249432734e+36
5.289372644176383e+28 2.199367447000129e+31 2.43714789547802e+32 1.410035108651287e+33 6.204358778093222e+33 5.9634922705587e+35 6.494027726505159e+36
5.397082082914574e+28 2.217446329790946e+31 2.445934078327548e+32 1.4108421369281158e+33 6.194119100473195e+33 5.922555397502131e+35 6.441632399451733e+36
5.506311618618562e+28 2.23552634551708e+31 2.4546435312875237e+32 1.4116080204300203e+33 6.183782648829067e+33 5.881953043712432e+35 6.389759030111226e+36
5.617070227325735e+28 2.253606301052565e+31 2.4632761412697743e+32 1.4123330816890283e+33 6.173351189907343e+33 5.841682151586555e+35 6.338401464905854e+36
5.729366760676291e+28 2.271685010508568e+31 2.4718318052791478e+32 1.413017643514413e+33 6.162826473025341e+33 5.801739692565639e+35 6.287553633555135e+36
5.843209944211953e+28 2.2897612953644504e+31 2.480310430277305e+32 1.4136620289307e+33 6.152210230124242e+33 5.762122666888421e+35 6.237209547811287e+36
5.95860837571168e+28 2.3078339845949475e+31 2.4887119330468058e+32 1.4142665611170402e+33 6.141504175825005e+33 5.722828103345312e+35 6.187363300215713e+36
6.0755705235648215e+28 2.325901914793591e+31 2.4970362400554336e+32 1.4148315633479235e+33 6.130710007487182e+33 5.683853059033259e+35 6.13800906287622e+36
6.194104725181946e+28 2.3439639302923717e+31 2.505283287320873e+32 1.4153573589352478e+33 6.11982940527046e+33 5.645194619111415e+35 6.089141086264604e+36
6.314219185443315e+28 2.3620188832777215e+31 2.5134530202757597e+32 1.415844271171696e+33 6.108864032198889e+33 5.606849896557657e+35 6.04075369803422e+36
6.435921975185511e+28 2.380065633902766e+31 2.5215453936330715e+32 1.4162926232753928e+33 6.097815534227594e+33 5.5688160319260094e+35 5.992841301857191e+36
6.559221029726055e+28 2.3981030503959893e+31 2.529560371252028e+32 1.416702738335878e+33 6.086685540312006e+33 5.5310901931050225e+35 5.945398376280901e+36
6.684124147426382e+28 2.4161300091662723e+31 2.5374979260043666e+32 1.417074939261312e+33 6.075475662479408e+33 5.493669575077132e+35 5.898419473603409e+36
6.810638988293338e+28 2.434145394904363e+31 2.5453580396411717e+32 1.417409548726948e+33 6.064187495902748e+33 5.456551399679069e+35 5.851899218767471e+36
6.938773072619017e+28 2.4521481006808503e+31 2.5531407026602095e+32 1.4177068891248205e+33 6.052822618976648e+33 5.4197329153633096e+35 5.805832308272834e+36
7.068533779659439e+28 2.470137028040614e+31 2.5608459141737817e+32 1.4179672825146532e+33 6.041382593395467e+33 5.383211396960665e+35 5.760213509106442e+36
7.199928346351733e+28 2.4881110870938708e+31 2.568473681777226e+32 1.4181910505759484e+33 6.029868964233396e+33 5.346984145443977e+35 5.71503765769028e+36
7.332963866070334e+28 2.5060691966037816e+31 2.5760240214179494e+32 1.4183785145612737e+33 6.018283260026439e+33 5.311048487693014e+35 5.670299658846525e+36
7.467647287421695e+28 2.5240102840707102e+31 2.5834969572651518e+32 1.4185299952506775e+33 6.006626992856244e+33 5.275401776260551e+35 5.625994484779669e+36
7.603985413078181e+28 2.541933285813152e+31 2.5908925215801806e+32 1.4186458129072783e+33 5.994901658435681e+33 5.240041389139696e+35 5.582117174075349e+36
7.741984898650554e+28 2.5598371470453995e+31 2.598210754587563e+32 1.4187262872339565e+33 5.983108736196115e+33 5.204964729532468e+35 5.538662830715591e+36
7.881652251599472e+28 2.5777208219519243e+31 2.6054517043467605e+32 1.418771737331158e+33 5.971249689376237e+33 5.1701692256196645e+35 5.49562662311012e+36
8.022993830185803e+28 2.5955832737586103e+31 2.6126154266246357e+32 1.4187824816558035e+33 5.959325965112474e+33 5.1356523303320374e+35 5.453003783143527e+36
8.166015842459681e+28 2.61342347480078e+31 2.619701984768687e+32 1.418758837981247e+33 5.9473389945308e+33 5.101411521122809e+35 5.410789605237957e+36
8.310724345288402e+28 2.631240406588144e+31 2.626711449581024e+32 1.4187011233583057e+33 5.935290192839971e+33 5.067444299741524e+35 5.368979445431059e+36
8.457125243423052e+28 2.649033059866658e+31 2.6336438991931537e+32 1.4186096540773353e+33 5.923180959426061e+33 5.0337481920093126e+35 5.327568720468954e+36
8.605224288603723e+28 2.666800434677355e+31 2.6404994189415777e+32 1.4184847456313218e+33 5.911012677948249e+33 5.0003207475955166e+35 5.286552906913908e+36
8.755027078703155e+28 2.684541540412167e+31 2.647278101244175e+32 1.4183267126799736e+33 5.898786716435761e+33 4.9671595397957314e+35 5.245927540266486e+36
8.906539056909088e+28 2.7022553958668437e+31 2.653980045477497e+32 1.418135869014826e+33 5.88650442738599e+33 4.934262165311294e+35 5.205688214101943e+36
9.059765510944715e+28 2.719941029290936e+31 2.6606053578548445e+32 1.4179125275253034e+33 5.874167147863632e+33 4.901626244030207e+35 5.165830579220543e+36
9.214711572327373e+28 2.7375974784349163e+31 2.667154151305272e+32 1.4176570001657412e+33 5.861776199600816e+33 4.869249418809507e+35 5.1263503428116343e+36
9.371382215665421e+28 2.755223790594505e+31 2.6736265453534565e+32 1.417369597923365e+33 5.849332889098212e+33 4.837129355259133e+35 5.0872432676311944e+36
9.529782257992849e+28 2.7728190226522104e+31 2.6800226660004744e+32 1.4170506307871866e+33 5.836838507726994e+33 4.805263741527254e+35 5.048505171192609e+36
9.689916358141708e+28 2.7903822411161087e+31 2.6863426456054968e+32 1.4167004077178093e+33 5.824294331831616e+33 4.773650288087096e+35 5.0101319249704826e+36
9.851789016152124e+28 2.807912522156008e+31 2.6925866227684043e+32 1.4163192366181453e+33 5.811701622833427e+33 4.7422867275252914e+35 4.9721194536172344e+36
1.0015404572719698e+29 2.8254089516368786e+31 2.69875474221335e+32 1.4159074243049942e+33 5.79906162733493e+33 4.7111708143317234e+35 4.9344637341922323e+36
1.0180767208679955e+29 2.8428706251497405e+31 2.704847154673279e+32 1.4154652764815075e+33 5.786375577224766e+33 4.6803003246908956e+35 4.897160795403311e+36
1.0347880944529937e+29 2.8602966480399756e+31 2.7108640167753794e+32 1.4149930977104917e+33 5.773644689783306e+33 4.649673056274844e+35 4.860206716860382e+36
1.0516749639986415e+29 2.877686135433095e+31 2.7168054909275534e+32 1.4144911913885485e+33 5.760870167788794e+33 4.619286828037575e+35 4.8235976283409876e+36
1.0687376993580661e+29 2.895038212258086e+31 2.7226717452058198e+32 1.4139598597210495e+33 5.748053199624079e+33 4.5891394800110484e+35 4.787329709067557e+36
1.0859766542289493e+29 2.912352013268251e+31 2.728462953242726e+32 1.4133994036978916e+33 5.735194959383739e+33 4.559228873102711e+35 4.751399186996165e+36
1.1033921661202303e+29 2.9296266830597333e+31 2.7341792941167885e+32 1.4128101230700798e+33 5.722296606981736e+33 4.529552888894574e+35 4.715802338116617e+36
1.120984556322399e+29 2.9468613760876453e+31 2.7398209522428652e+32 1.4121923163270653e+33 5.709359288259413e+33 4.500109429443863e+35 4.6805354857636314e+36
1.1387541298813155e+29 2.964055256679895e+31 2.7453881172636163e+32 1.4115462806748477e+33 5.696384135093846e+33 4.4708964170852076e+35 4.6455949999389464e+36
1.1567011755755728e+29 2.9812074990487516e+31 2.75088098394192e+32 1.41087231201484e+33 5.683372265506527e+33 4.441911794234406e+35 4.610977296644173e+36
1.1748259658973426e+29 2.9983172873002167e+31 2.756299752054365e+32 1.4101707049234632e+33 5.670324783772342e+33 4.413153523193745e+35 4.576678837224177e+36
1.1931287570366763e+29 3.0153838154411276e+31 2.761644626285724e+32 1.4094417526324596e+33 5.657242780528698e+33 4.384619585958881e+35 4.542696127720844e+36
1.2116097888692633e+29 3.03240628738424e+31 2.7669158161244868e+32 1.408685747009928e+33 5.644127332884987e+33 4.3563079840273026e+35 4.5090257182370236e+36
1.2302692849475693e+29 3.0493839169511086e+31 2.772113535759441e+32 1.407902978542045e+33 5.630979504532092e+33 4.32821673820833e+35 4.4756642023104865e+36
1.2491074524953592e+29 3.0663159278729537e+31 2.7772380039772642e+32 1.407093736315471e+33 5.617800345852093e+33 4.30034388843471e+35 4.442608216297739e+36
1.2681244824055424e+29 3.0832015537895045e+31 2.782289444061182e+32 1.406258308000434e+33 5.604590894028042e+33 4.27268749357574e+35 4.409854438767486e+36
1.2873205492413365e+29 3.100040038245833e+31 2.787268083690653e+32 1.405396979834452e+33 5.591352173153794e+33 4.2452456312519795e+35 4.377399589903618e+36
1.3066958112407038e+29 3.116830634687304e+31 2.7921741548421414e+32 1.404510036606723e+33 5.578085194343916e+33 4.2180163976515066e+35 4.345240430917547e+36
1.3262504103240215e+29 3.1335726064525834e+31 2.7970078936909093e+32 1.4035977616431393e+33 5.564790955843551e+33 4.190997907347745e+35 4.313373763469723e+36
1.3459844721049286e+29 3.1502652267647686e+31 2.801769540513851e+32 1.402660436791907e+33 5.551470443138267e+33 4.164188293118819e+35 4.2817964291001696e+36
1.3658981059043954e+29 3.1669077787207603e+31 2.806459339593441e+32 1.401698342409794e+33 5.538124629063864e+33 4.137585705768483e+35 4.250505308667915e+36
1.3859914047678658e+29 3.183499555278783e+31 2.8110775391226573e+32 1.4007117573489612e+33 5.524754473916083e+33 4.111188313948588e+35 4.219497321799129e+36
1.4062644454855103e+29 3.2000398592441915e+31 2.8156243911110202e+32 1.3997009589443785e+33 5.511360925560212e+33 4.0849943039830896e+35 4.1887694263438663e+36
1.426717288615567e+29 3.2165280032535904e+31 2.8201001512916853e+32 1.3986662230018205e+33 5.49794491954057e+33 4.059001879693606e+35 4.158318617841205e+36
1.4473499785106515e+29 3.2329633097572226e+31 2.824505079029537e+32 1.397607823786411e+33 5.484507379189779e+33 4.033209262226479e+35 4.1281419289927026e+36
1.4681625433470694e+29 3.249345110999797e+31 2.8288394372304026e+32 1.3965260340117205e+33 5.471049215737922e+33 4.007614689881386e+35 4.098236429143974e+36
1.489154995157084e+29 3.2656727489996743e+31 2.8331034922512823e+32 1.39542112482941e+33 5.457571328421454e+33 3.982216417941492e+35 4.0685992237743213e+36
1.5103273298640659e+29 3.281945575526485e+31 2.8372975138116376e+32 1.3942933658193862e+33 5.444074604591871e+33 3.957012718505076e+35 4.0392274539942047e+36
1.531679527320495e+29 3.298162952077269e+31 2.841421774905745e+32 1.3931430249804826e+33 5.430559919824142e+33 3.9320018803186884e+35 4.0101182960504564e+36
1.5532115513488467e+29 3.314324249851108e+31 2.8454765517160856e+32 1.391970368721643e+33 5.417028138024892e+33 3.907182208611829e+35 3.981268960839141e+36
1.5749233497851607e+29 3.3304288497222767e+31 2.8494621235277745e+32 1.3907756618536023e+33 5.403480111540247e+33 3.882552024933089e+35 3.952676693425865e+36
1.596814854525449e+29 3.346476142212013e+31 2.853378772644043e+32 1.3895591675810358e+33 5.389916681263392e+33 3.8581096669878254e+35 3.924338772573478e+36
1.618885981574758e+29 3.362465527458917e+31 2.857226784302787e+32 1.3883211474952096e+33 5.3763386767418e+33 3.833853488477266e+35 3.8962525102769706e+36
1.6411366310988955e+29 3.3783964151879577e+31 2.8610064465941048e+32 1.387061861567061e+33 5.362746916284091e+33 3.8097818589391474e+35 3.868415251305532e+36
1.6635666874787755e+29 3.394268224678192e+31 2.8647180503788954e+32 1.3857815681407613e+33 5.349142207066548e+33 3.785893163589784e+35 3.840824372751576e+36
1.6861760193673626e+29 3.41008038472922e+31 2.8683618892085203e+32 1.3844805239277044e+33 5.33552534523924e+33 3.762185803167619e+35 3.813477283586667e+36
1.7089644797491298e+29 3.4258323336263674e+31 2.871938259245412e+32 1.383158984000931e+33 5.321897116031735e+33 3.73865819377821e+35 3.786371424224177e+36
1.7319319060020158e+29 3.441523519104659e+31 2.8754474591848007e+32 1.3818172017899787e+33 5.308258293858402e+33 3.715308766740673e+35 3.7595042660886363e+36
1.755078119961867e+29 3.457153398311638e+31 2.8788897901773927e+32 1.380455429076159e+33 5.294609642423319e+33 3.6921359684355825e+35 3.7328733111916095e+36
1.7784029279892118e+29 3.4727214377689874e+31 2.88226555575309e+32 1.3790739159882057e+33 5.280951914824668e+33 3.6691382601542594e+35 3.7064760917139984e+36
1.8019061210384922e+29 3.488227113333075e+31 2.8855750617457195e+32 1.377672910998361e+33 5.26728585365872e+33 3.6463141179495e+35 3.680310169594671e+36
1.8255874747295993e+29 3.503669910154421e+31 2.8888186162187847e+32 1.376252660918816e+33 5.253612191123356e+33 3.623662032487739e+35 3.6543731361253297e+36
1.8494467494216216e+29 3.519049322636051e+31 2.8919965293921624e+32 1.3748134108985462e+33 5.239931649121074e+33 3.601180508902576e+35 3.628662611551492e+36
