luminosity_table.ecsv
# %ECSV 1.0
# ---
# datatype:
# - {name: m, unit: J / (m s), datatype: float64}
# - {name: k, unit: J / (m s), datatype: float64}
# - {name: g, unit: J / (m s), datatype: float64}
# - {name: f, unit: J / (m s), datatype: float64}
# - {name: a, unit: J / (m s), datatype: float64}
# - {name: b, unit: J / (m s), datatype: float64}
# - {name: o, unit: J / (m s), datatype: float64}
# schema: astropy-2.0
m k g f a b o
[from data line 103]
5.856993657211033e+29 5.609165633265188e+31 3.8186566162651596e+32 1.642247160675752e+33 5.88693734044416e+33 3.648249834539836e+35 3.6187994384751714e+36
5.9190271481843705e+29 5.628086783531114e+31 3.820548548937124e+32 1.639906784610349e+33 5.870203971130023e+33 3.625605538480309e+35 3.5934396901821e+36
5.981350654029849e+29 5.646886758108539e+31 3.822361072953936e+32 1.6375485630205067e+33 5.853478429335629e+33 3.6031318896730986e+35 3.568300219152689e+36
6.0439619750361664e+29 5.665565247945212e+31 3.8240947095536716e+32 1.6351727760095514e+33 5.836761393365213e+33 3.580827401665578e+35 3.543378750450922e+36
6.106858891041537e+29 5.68412195667178e+31 3.825749980418865e+32 1.6327797013144675e+33 5.820053530620381e+33 3.558690602354286e+35 3.5186730362730645e+36
6.170039161822407e+29 5.702556600479638e+31 3.827327407604067e+32 1.6303696143125306e+33 5.803355497724212e+33 3.5367200338384516e+35 3.494180855582056e+36
6.23350052748203e+29 5.720868907998477e+31 3.828827513464748e+32 1.6279427880282092e+33 5.786667940644384e+33 3.514914252274997e+35 3.469900013747368e+36
6.2972407088389936e+29 5.739058620173689e+31 3.830250820587478e+32 1.6254994931403162e+33 5.769991494815352e+33 3.493271827734954e+35 3.445828342190215e+36
6.361257407815251e+29 5.757125490143689e+31 3.83159785172149e+32 1.6230399979894363e+33 5.753326785259563e+33 3.4717913440613564e+35 3.4219636980340866e+36
6.425548307823974e+29 5.775069283117053e+31 3.832869129711467e+32 1.6205645685856e+33 5.736674426707739e+33 3.450471398728557e+35 3.3983039637604754e+36
6.490111074156838e+29 5.792889776249645e+31 3.8340651774316526e+32 1.618073468616193e+33 5.720035023718178e+33 3.4293106027029565e+35 3.374847046869737e+36
6.554943354370699e+29 5.810586758521633e+31 3.83518651772121e+32 1.615566959454102e+33 5.703409170795084e+33 3.4083075803051444e+35 3.351590879546974e+36
6.620042778673874e+29 5.828160030614586e+31 3.836233673320864e+32 1.613045300166092e+33 5.686797452506001e+33 3.387460969073439e+35 3.328533418332888e+36
6.685406960311502e+29 5.845609404788482e+31 3.837207166810713e+32 1.6105087475213937e+33 5.670200443598157e+33 3.3667694196288e+35 3.3056726437994954e+36
6.751033495950138e+29 5.862934704758826e+31 3.8381075205493346e+32 1.6079575560005013e+33 5.653618709113969e+33 3.346231595541134e+35 3.2830065602306646e+36
6.816919966061708e+29 5.880135765573793e+31 3.8389352566140806e+32 1.60539197780419e+33 5.63705280450553e+33 3.325846173196951e+35 3.260533195307351e+36
6.88306393530624e+29 5.897212433491532e+31 3.83969089674254e+32 1.6028122628627102e+33 5.620503275748089e+33 3.3056118416683493e+35 3.238250599797472e+36
6.949462952913798e+29 5.914164565857452e+31 3.8403749622751975e+32 1.6002186588451768e+33 5.603970659452643e+33 3.2855273025833746e+35 3.216156847250363e+36
7.016114553065309e+29 5.930992030981838e+31 3.840987974099295e+32 1.5976114111691538e+33 5.587455482977502e+33 3.2655912699976876e+35 3.194250033695733e+36
7.083016255272037e+29 5.947694708017481e+31 3.8415304525937784e+32 1.594990763010396e+33 5.570958264538922e+33 3.2458024702675443e+35 3.172528277347031e+36
7.150165564754235e+29 5.964272486837565e+31 3.84200291757543e+32 1.5923569553127737e+33 5.554479513320734e+33 3.226159641924071e+35 3.1509897183091454e+36
7.21755997281819e+29 5.9807252679137885e+31 3.8424058882461184e+32 1.5897102267983554e+33 5.538019729583066e+33 3.206661535548856e+35 3.1296325182904307e+36
7.285196957231935e+29 5.997052962194683e+31 3.8427398831411434e+32 1.5870508139776517e+33 5.521579404770055e+33 3.1873069136507976e+35 3.1084548603188996e+36
7.353073982599779e+29 6.0132554909842025e+31 3.843005420078681e+32 1.5843789511599976e+33 5.505159021616602e+33 3.168094550544236e+35 3.087454948462595e+36
7.421188500735136e+29 6.029332785820591e+31 3.8432030161103224e+32 1.581694870464093e+33 5.488759054254184e+33 3.1490232322283188e+35 3.066631007554007e+36
7.489537951032006e+29 6.045284788355624e+31 3.843333187472686e+32 1.5789988018286833e+33 5.472379968315715e+33 3.1300917562676425e+35 3.0459812829185285e+36
7.558119760834579e+29 6.061111450234022e+31 3.8433964495400445e+32 1.576290973023355e+33 5.456022221039405e+33 3.1112989316741123e+35 3.02550404010686e+36
7.626931345805523e+29 6.076812732973334e+31 3.843393316778036e+32 1.5735716096594785e+33 5.439686261371732e+33 3.092643578790017e+35 3.0051975646312796e+36
7.695970110292373e+29 6.092388607844172e+31 3.843324302698392e+32 1.5708409352012668e+33 5.423372530069407e+33 3.0741245291723283e+35 2.9850601617057544e+36
7.765233447692153e+29 6.10783905575075e+31 3.8431899198146695e+32 1.5680991709769366e+33 5.407081459800401e+33 3.0557406254781902e+35 2.9650901559898054e+36
7.834718740814206e+29 6.123164067111855e+31 3.842990679598973e+32 1.5653465361900065e+33 5.390813475244056e+33 3.0374907213516104e+35 2.9452858913360914e+36
7.904423362241205e+29 6.138363641742317e+31 3.842727092439705e+32 1.5625832479306836e+33 5.37456899319023e+33 3.019373681311318e+35 2.925645730541621e+36
7.974344674688221e+29 6.1534377887347535e+31 3.842399667600244e+32 1.55980952118735e+33 5.358348422637505e+33 3.001388380639782e+35 2.906168055102549e+36
8.044480031359654e+29 6.168386526341872e+31 3.842008913178603e+32 1.557025568858155e+33 5.342152164890442e+33 2.9835337052734028e+35 2.8868512649725244e+36
8.11482677630453e+29 6.183209881859252e+31 3.841555336068057e+32 1.5542316017626957e+33 5.325980613655963e+33 2.965808551693842e+35 2.8676937783245e+36
8.185382244769201e+29 6.197907891508508e+31 3.84103944191865e+32 1.55142782865378e+33 5.309834155138723e+33 2.9482118268204747e+35 2.848694031315955e+36
8.25614376354844e+29 6.212480600321001e+31 3.840461735099675e+32 1.5486144562292733e+33 5.293713168135606e+33 2.930742447903974e+35 2.8298504778574924e+36
8.327108651334122e+29 6.2269280620221475e+31 3.8398227186630445e+32 1.54579168914403e+33 5.277618024129325e+33 2.913399342421011e+35 2.811161589384752e+36
8.398274219061648e+29 6.24125033891604e+31 3.839122894307547e+32 1.5429597300218855e+33 5.261549087381027e+33 2.8961814479700462e+35 2.792625854633577e+36
8.469637770254267e+29 6.255447501770799e+31 3.8383627623440005e+32 1.5401187794677276e+33 5.245506715022051e+33 2.8790877121682226e+35 2.774241779418395e+36
8.541196601365201e+29 6.2695196297044285e+31 3.8375428216612685e+32 1.537269036079629e+33 5.229491257144771e+33 2.8621170925493216e+35 2.7560078864137533e+36
8.612948002117067e+29 6.283466810071132e+31 3.836663569693134e+32 1.534410696461038e+33 5.213503056892487e+33 2.8452685564628032e+35 2.737922714938973e+36
8.684889255839476e+29 6.297289138348323e+31 3.835725502386034e+32 1.5315439552330302e+33 5.197542450548491e+33 2.8285410809739067e+35 2.7199848207458563e+36
8.757017639803758e+29 6.310986718024194e+31 3.8347291141675985e+32 1.5286690050466143e+33 5.181609767624175e+33 2.8119336527647873e+35 2.7021927758094137e+36
8.829330425555568e+29 6.324559660485818e+31 3.833674897916026e+32 1.5257860365950766e+33 5.165705330946281e+33 2.7954452680366906e+35 2.6845451681215474e+36
8.901824879244885e+29 6.338008084907907e+31 3.8325633449302914e+32 1.5228952386263817e+33 5.149829456743246e+33 2.7790749324131688e+35 2.66704060148767e+36
8.974498261953556e+29 6.351332118142257e+31 3.8313949449011045e+32 1.519996797955617e+33 5.133982454730711e+33 2.7628216608443063e+35 2.64967769532619e+36
9.047347830020324e+29 6.364531894607644e+31 3.830170185882686e+32 1.5170908994774578e+33 5.1181646281961e+33 2.746684477511952e+35 2.6324550844708314e+36
9.120370835363253e+29 6.377607556180525e+31 3.82888955426531e+32 1.5141777261786908e+33 5.102376274082353e+33 2.730662415735939e+35 2.6153714189757242e+36
9.193564525799669e+29 6.390559252086338e+31 3.8275535347486044e+32 1.5112574591507505e+33 5.086617683070811e+33 2.714754517881315e+35 2.598425363923267e+36
9.266926145363363e+29 6.403387138791388e+31 3.826162610315601e+32 1.5083302776022935e+33 5.070889139663213e+33 2.6989598352665302e+35 2.5816155992346707e+36
9.340452934619158e+29 6.416091379895482e+31 3.824717262207533e+32 1.5053963588717938e+33 5.0551909222628596e+33 2.6832774280726017e+35 2.5649408194831646e+36
9.414142130975024e+29 6.4286721460252355e+31 3.823217969899355e+32 1.5024558784401632e+33 5.0395233032549265e+33 2.66770636525323e+35 2.5483997337098227e+36
9.487990968991156e+29 6.441129614727974e+31 3.82166521107596e+32 1.4995090099433845e+33 5.02388654908591e+33 2.6522457244458622e+35 2.5319910652419658e+36
9.561996680686582e+29 6.453463970366422e+31 3.820059461609136e+32 1.4965559251851708e+33 5.0082809203422774e+33 2.636894591883708e+35 2.5157135515141106e+36
9.636156495843098e+29 6.465675404014035e+31 3.8184011955352105e+32 1.4935967941496296e+33 4.99270667182826e+33 2.621652062308671e+35 2.499565943891411e+36
9.710467642306064e+29 6.477764113351017e+31 3.816690885033335e+32 1.490631785013934e+33 4.9771640526428017e+33 2.606517238885189e+35 2.4835470074955525e+36
9.784927346282899e+29 6.489730302561113e+31 3.814929000404484e+32 1.487661064161013e+33 4.9616533062557275e+33 2.5914892331150125e+35 2.4676555210330884e+36
9.859532832638493e+29 6.501574182229044e+31 3.813116010051136e+32 1.484684796192245e+33 4.946174670583096e+33 2.5765671647528668e+35 2.4518902766261517e+36
9.934281325187765e+29 6.513295969238687e+31 3.8112523804575296e+32 1.4817031439401388e+33 4.930728378061684e+33 2.561750161722998e+35 2.4362500796455176e+36
1.0009170046985574e+30 6.524895886672012e+31 3.8093385761706285e+32 1.4787162684810304e+33 4.915314655722728e+33 2.547037360036615e+35 2.4207337485459758e+36
1.0084196220613757e+30 6.536374163708719e+31 3.8073750597817004e+32 1.475724329147776e+33 4.89993372526487e+33 2.5324279037102005e+35 2.405340114703993e+36
1.0159357068465117e+30 6.54773103552656e+31 3.805362291908481e+32 1.4727274835424265e+33 4.884585803126254e+33 2.517920944684683e+35 2.3900680222576125e+36
1.023464981302463e+30 6.558966743202533e+31 3.803300731178e+32 1.4697258875489123e+33 4.8692711005559036e+33 2.5035156427454647e+35 2.374916327948564e+36
1.0310071677147966e+30 6.5700815336147e+31 3.801190834209971e+32 1.4667196953457114e+33 4.8539898236842793e+33 2.489211165443298e+35 2.3598839009665485e+36
1.0385619884336776e+30 6.581075659344779e+31 3.799033055600776e+32 1.4637090594184947e+33 4.838742173593067e+33 2.475006688015992e+35 2.3449696227956667e+36
1.04612916590112e+30 6.591949378581548e+31 3.796827847908045e+32 1.4606941305727788e+33 4.8235283463842157e+33 2.4609013933109625e+35 2.3301723870629717e+36
1.0537084226779465e+30 6.602702955024919e+31 3.794575661635785e+32 1.4576750579465477e+33 4.808348533248192e+33 2.446894471708585e+35 2.3154910993890762e+36
1.0612994814704659e+30 6.613336657790855e+31 3.7922769452200916e+32 1.454651989022862e+33 4.7932029205315086e+33 2.432985121046365e+35 2.300924677240835e+36
1.0689020651568298e+30 6.623850761316958e+31 3.789932145015388e+32 1.4516250696424445e+33 4.7780916898034536e+33 2.4191725465439158e+35 2.2864720497860137e+36
1.0765158968131078e+30 6.634245545268902e+31 3.787541705281218e+32 1.4485944440162483e+33 4.763015017922126e+33 2.40545596072873e+35 2.272132157749979e+36
1.0841406997390774e+30 6.644521294447596e+31 3.785106068169578e+32 1.4455602547380046e+33 4.747973077099723e+33 2.391834583362729e+35 2.2579039532743187e+36
1.0917761974836968e+30 6.654678298697111e+31 3.782625673712762e+32 1.442522642796734e+33 4.7329660349670446e+33 2.3783076413695935e+35 2.243786399777397e+36
1.0994221138702936e+30 6.664716852813404e+31 3.7801009598117125e+32 1.439481747589242e+33 4.7179940546373686e+33 2.3648743687628733e+35 2.229778471816812e+36
1.1070781730214521e+30 6.6746372564537725e+31 3.7775323622248934e+32 1.4364377069325778e+33 4.703057294769504e+33 2.3515340065748463e+35 2.2158791549537248e+36
1.1147440993835956e+30 6.684439814047136e+31 3.7749203145576565e+32 1.43339065707647e+33 4.6881559096302003e+33 2.338285802786134e+35 2.2020874456190223e+36
1.1224196177512882e+30 6.694124834705049e+31 3.772265248252076e+32 1.430340732715724e+33 4.6732900491558224e+33 2.3251290122560636e+35 2.1884023509812958e+36
1.1301044532912217e+30 6.703692632133535e+31 3.7695675925773e+32 1.4272880670025944e+33 4.6584598590133234e+33 2.3120628966537706e+35 2.174822888816618e+36
1.1377983315659013e+30 6.713143524545634e+31 3.7668277746203164e+32 1.42423279155911e+33 4.64366548066054e+33 2.299086724390029e+35 2.1613480873800732e+36
1.1455009785570458e+30 6.722477834574786e+31 3.764046219277225e+32 1.42117503648937e+33 4.628907051405763e+33 2.2861997705497977e+35 2.1479769852790136e+36
1.1532121206886922e+30 6.7316958891889935e+31 3.761223349244983e+32 1.418114930391813e+33 4.61418470446666e+33 2.27340131682549e+35 2.134708631348044e+36
1.1609314848499623e+30 6.74079801960574e+31 3.758359585013496e+32 1.4150526003714215e+33 4.5994985690285065e+33 2.260690651450942e+35 2.12154208452567e+36
1.1686587984175906e+30 6.74978456120764e+31 3.7554553448582696e+32 1.4119881720519136e+33 4.584848770301728e+33 2.2480670691360883e+35 2.1084764137326237e+36
1.1763937892781031e+30 6.758655853458995e+31 3.7525110448334096e+32 1.4089217695878726e+33 4.570235429578833e+33 2.2355298710023262e+35 2.095510697751811e+36
1.1841361858497175e+30 6.767412239823035e+31 3.749527098765057e+32 1.4058535156768472e+33 4.555658664290598e+33 2.223078364518556e+35 2.082644025109867e+36
1.191885717103953e+30 6.7760540676799155e+31 3.746503918245257e+32 1.4027835315713942e+33 4.541118588061678e+33 2.2107118634379054e+35 2.069875493960306e+36
1.1996421125869256e+30 6.78458168824561e+31 3.7434419126262296e+32 1.399711937091102e+33 4.5266153107655386e+33 2.1984296877351345e+35 2.057204211968237e+36
1.2074051024403531e+30 6.792995456491452e+31 3.740341489015007e+32 1.396638850634531e+33 4.512148938578732e+33 2.186231163544682e+35 2.0446292961966084e+36
1.2151744174222623e+30 6.80129573106453e+31 3.737203052268489e+32 1.3935643891911378e+33 4.497719574034568e+33 2.174115623099377e+35 2.0321498729939688e+36
1.2229497889274083e+30 6.80948287420887e+31 3.7340270049889e+32 1.3904886683531387e+33 4.483327316076134e+33 2.162082404669803e+35 2.0197650778837406e+36
1.2307309490073792e+30 6.817557251687299e+31 3.7308137475195605e+32 1.387411802327328e+33 4.4689722601086886e+33 2.1501308525042987e+35 2.0074740554549455e+36
1.2385176303904236e+30 6.825519232704178e+31 3.72756367794108e+32 1.3843339039468356e+33 4.454654498051454e+33 2.1382603167695945e+35 1.995275959254398e+36
1.2463095665009719e+30 6.833369189828911e+31 3.724277192067903e+32 1.3812550846828537e+33 4.440374118388786e+33 2.126470153492075e+35 1.983169951680315e+36
1.2541064914788717e+30 6.84110749892013e+31 3.720954683445183e+32 1.37817545465629e+33 4.4261312062207296e+33 2.114759724499662e+35 1.9711552038773432e+36
1.2619081401983195e+30 6.848734539050712e+31 3.7175965433460225e+32 1.3750951226493827e+33 4.4119258433129894e+33 2.103128397364316e+35 1.959230895632979e+36
1.2697142482865138e+30 6.856250692433629e+31 3.714203160769066e+32 1.3720141961172655e+33 4.397758108146309e+33 2.0915755453451488e+35 1.9473962152753513e+36
1.2775245521420084e+30 6.8636563443484e+31 3.710774922436386e+32 1.368932781199458e+33 4.383628075965216e+33 2.080100547332116e+35 1.9356503595723434e+36
1.2853387889527722e+30 6.870951883068438e+31 3.707312212791732e+32 1.365850982731318e+33 4.3695358188262463e+33 2.0687027877903303e+35 1.923992533632063e+36
1.2931566967139663e+30 6.878137699789158e+31 3.703815413999101e+32 1.362768904255444e+33 4.355481405645565e+33 2.0573816567049538e+35 1.9124219508046146e+36
1.300978014245436e+30 6.885214188556723e+31 3.7002849059415856e+32 1.3596866480330007e+33 4.341464902245983e+33 2.0461365495266645e+35 1.9009378325851587e+36
1.3088024812089012e+30 6.892181746197696e+31 3.6967210662205574e+32 1.3566043150550028e+33 4.3274863714034616e+33 2.0349668671177e+35 1.8895394085182403e+36
1.3166298381248748e+30 6.899040772249347e+31 3.693124270155161e+32 1.353522005053541e+33 4.313545872893014e+33 2.0238720156984854e+35 1.8782259161033836e+36
