luminosity_table.ecsv
# %ECSV 1.0
# ---
# datatype:
# - {name: m, unit: J / (m s), datatype: float64}
# - {name: k, unit: J / (m s), datatype: float64}
# - {name: g, unit: J / (m s), datatype: float64}
# - {name: f, unit: J / (m s), datatype: float64}
# - {name: a, unit: J / (m s), datatype: float64}
# - {name: b, unit: J / (m s), datatype: float64}
# - {name: o, unit: J / (m s), datatype: float64}
# schema: astropy-2.0
m k g f a b o
[from data line 205]
5.188810896178293e+29 4.716676893907966e+31 2.9287273652797463e+32 1.1602875630250391e+33 3.876017573448589e+33 1.966854277373757e+35 1.8471273760496283e+36
5.227564042580757e+29 4.724130703056767e+31 2.9268774868870698e+32 1.157899787793038e+33 3.864070685811604e+33 1.9561930641356668e+35 1.8361098502919608e+36
5.266406013247272e+29 4.731508563425032e+31 2.9249968678429493e+32 1.15551020793877e+33 3.8521527124579276e+33 1.9456027451710378e+35 1.825173984666208e+36
5.30533561494803e+29 4.738810627975485e+31 2.9230857964196904e+32 1.1531189153959883e+33 3.8402637403190143e+33 1.9350827673913816e+35 1.8143190574505965e+36
5.344351652487229e+29 4.746037052701584e+31 2.9211445595268417e+32 1.1507260010717427e+33 3.8284038535517264e+33 1.9246325826025174e+35 1.80354435431464e+36
5.3834529288181575e+29 4.75318799657846e+31 2.919173442705329e+32 1.1483315548544389e+33 3.816573133577168e+33 1.9142516474568626e+35 1.7928491682332616e+36
5.42263824515741e+29 4.7602636215141905e+31 2.9171727301218037e+32 1.1459356656218638e+33 3.8047716591190674e+33 1.9039394234062193e+35 1.7822327994020315e+36
5.461906401098381e+29 4.76726409230149e+31 2.915142704563307e+32 1.1435384212491859e+33 3.7929995062417474e+33 1.8936953766550648e+35 1.7716945551535092e+36
5.501256194723833e+29 4.77418957656973e+31 2.913083647432182e+32 1.141139908616936e+33 3.7812567483876504e+33 1.8835189781143224e+35 1.761233749874665e+36
5.5406864227176754e+29 4.781040244737348e+31 2.9109958387412195e+32 1.1387402136189448e+33 3.7695434564144295e+33 1.87340970335561e+35 1.7508497049253644e+36
5.580195880475868e+29 4.787816269964642e+31 2.9088795571090802e+32 1.1363394211702582e+33 3.757859698631631e+33 1.863367032565963e+35 1.7405417485579028e+36
5.619783362216505e+29 4.794517828106922e+31 2.9067350797559626e+32 1.1339376152150283e+33 3.746205540836943e+33 1.8533904505030373e+35 1.7303092158375833e+36
5.6594476610889735e+29 4.80114509766802e+31 2.9045626824994875e+32 1.1315348787343611e+33 3.734581046352035e+33 1.8434794464507733e+35 1.7201514485643123e+36
5.699187569282259e+29 4.807698259754214e+31 2.9023626397508544e+32 1.1291312937541459e+33 3.7229862760579836e+33 1.833633514175515e+35 1.7100677951952023e+36
5.7390018781324604e+29 4.814177498028514e+31 2.900135224511211e+32 1.1267269413528386e+33 3.711421288430289e+33 1.823852151882593e+35 1.7000576107681627e+36
5.778889378229272e+29 4.820582998665292e+31 2.8978807083682564e+32 1.1243219016692266e+33 3.6998861395734816e+33 1.8141348621733526e+35 1.6901202568264796e+36
5.8188488595217076e+29 4.826914950305352e+31 2.8955993614930763e+32 1.1219162539101553e+33 3.688380883255345e+33 1.8044811520026355e+35 1.6802551013443525e+36
5.85887911142282e+29 4.833173544011284e+31 2.893291452637189e+32 1.1195100763582143e+33 3.6769055709407124e+33 1.7948905326366934e+35 1.6704615186533887e+36
5.898978922913679e+29 4.839358973223322e+31 2.8909572491298245e+32 1.1171034463794024e+33 3.665460251824904e+33 1.785362519611545e+35 1.660738889370027e+36
5.939147082646236e+29 4.845471433715435e+31 2.888597016875399e+32 1.1146964404307471e+33 3.654044972866737e+33 1.775896632691758e+35 1.6510866003238926e+36
5.979382379045419e+29 4.851511123551905e+31 2.886211020351213e+32 1.1122891340678948e+33 3.642659778821184e+33 1.7664923958296694e+35 1.6415040444870664e+36
6.01968360041035e+29 4.857478243044261e+31 2.8837995226053488e+32 1.1098816019526699e+33 3.631304712271642e+33 1.7571493371250204e+35 1.6319906209042477e+36
6.060049535014475e+29 4.863372994708529e+31 2.8813627852547745e+32 1.1074739178605842e+33 3.619979813661789e+33 1.747866988785006e+35 1.6225457346238033e+36
6.1004789712049245e+29 4.869195583222924e+31 2.878901068483636e+32 1.1050661546883243e+33 3.6086851213271105e+33 1.7386448870847455e+35 1.6131687966296922e+36
6.1409706975009125e+29 4.8749462153859065e+31 2.876414631041767e+32 1.1026583844611999e+33 3.5974206715260396e+33 1.7294825723281637e+35 1.6038592237742602e+36
6.181523502691159e+29 4.880625100074597e+31 2.873903730243356e+32 1.1002506783405472e+33 3.5861864984707165e+33 1.7203795888092688e+35 1.5946164387118675e+36
6.222136175930379e+29 4.886232448203557e+31 2.8713686219658215e+32 1.0978431066311036e+33 3.5749826343573863e+33 1.7113354847738326e+35 1.585439869833368e+36
6.262807506834991e+29 4.891768472684008e+31 2.8688095606488872e+32 1.0954357387883401e+33 3.563809109396467e+33 1.702349812381475e+35 1.5763289512014094e+36
6.303536285577617e+29 4.897233388383344e+31 2.86622679929379e+32 1.0930286434257636e+33 3.5526659518422155e+33 1.6934221276681306e+35 1.5672831224865535e+36
6.344321302980856e+29 4.9026274120850455e+31 2.8636205894627165e+32 1.0906218883221669e+33 3.541553188022066e+33 1.684551990508908e+35 1.5583018289041897e+36
6.385161350610072e+29 4.90795076244903e+31 2.8609911812783694e+32 1.0882155404288554e+33 3.530470842365623e+33 1.6757389645813284e+35 1.5493845211522513e+36
6.426055220865152e+29 4.913203659972269e+31 2.8583388234237372e+32 1.0858096658768258e+33 3.5194189374332895e+33 1.6669826173289486e+35 1.5405306553497048e+36
6.467001707071416e+29 4.918386326949858e+31 2.8556637631420095e+32 1.0834043299839078e+33 3.508397493944564e+33 1.658282519925358e+35 1.5317396929758213e+36
6.507999603569518e+29 4.923498987436419e+31 2.852966246236662e+32 1.0809995972618709e+33 3.497406530805998e+33 1.6496382472385447e+35 1.5230111008101944e+36
6.549047705804422e+29 4.9285418672079015e+31 2.8502465170717135e+32 1.0785955314234858e+33 3.486446065138817e+33 1.6410493777956282e+35 1.5143443508735153e+36
6.59014481041339e+29 4.9335151937237015e+31 2.8475048185721e+32 1.076192195389546e+33 3.4755161123061894e+33 1.6325154937479554e+35 1.505738920369085e+36
6.631289715313115e+29 4.9384191960892535e+31 2.8447413922242684e+32 1.0737896512958622e+33 3.464616685940227e+33 1.6240361808365673e+35 1.497194291625061e+36
6.672481219785729e+29 4.943254105018832e+31 2.841956478076845e+32 1.0713879605001957e+33 3.453747797968561e+33 1.6156110283579986e+35 1.488709952037413e+36
6.713718124564047e+29 4.948020152798875e+31 2.8391503147415093e+32 1.0689871835891694e+33 3.44290945864069e+33 1.6072396291304497e+35 1.4802853940135937e+36
6.754999231915732e+29 4.952717573251592e+31 2.836323139393989e+32 1.0665873803851316e+33 3.432101676553956e+33 1.5989215794602943e+35 1.471920114916908e+36
6.796323345726505e+29 4.957346601698938e+31 2.8334751877751947e+32 1.0641886099529775e+33 3.421324458679222e+33 1.5906564791089402e+35 1.463613617011575e+36
6.837689271582449e+29 4.96190747492696e+31 2.8306066941924952e+32 1.0617909306069351e+33 3.4105778103862256e+33 1.5824439312600215e+35 1.455365407408468e+36
6.879095816851411e+29 4.966400431150556e+31 2.8277178915211332e+32 1.0593943999173054e+33 3.399861735468643e+33 1.574283542486933e+35 1.4471749980115185e+36
6.920541790763276e+29 4.970825709978489e+31 2.824809011205765e+32 1.0569990747171654e+33 3.3891762361688214e+33 1.566174922720695e+35 1.439041905464795e+36
6.962026004489385e+29 4.975183552378841e+31 2.821880283262142e+32 1.0546050111090268e+33 3.3785213132022275e+33 1.558117685218151e+35 1.4309656511002292e+36
7.00354727122109e+29 4.979474200644845e+31 2.8189319362789038e+32 1.052212264471459e+33 3.3678969657816006e+33 1.5501114465304906e+35 1.4229457608859826e+36
